Daily average temperature (in degree Celsius)
Date	No. of days	Subbasin-ID.
0	0	69	15
1012000	1	22.3	21.7
2012000	2	21.8	20.9
3012000	3	22.8	21.7
4012000	4	22.9	21.9
5012000	5	23.9	23
6012000	6	24.1	23.2
7012000	7	24.1	23.4
8012000	8	24	22.9
9012000	9	24.2	22.8
10012000	10	23.9	23
11012000	11	23.8	22.8
12012000	12	24	23.7
13012000	13	24.7	24.3
14012000	14	25.6	25.3
15012000	15	26.3	25.8
16012000	16	26.7	26.4
17012000	17	26.2	25.3
18012000	18	25.7	24.9
19012000	19	26.3	25.1
20012000	20	23.8	23.4
21012000	21	23.4	23
22012000	22	23.2	22.7
23012000	23	23	22.8
24012000	24	22.5	22.5
25012000	25	23.4	22.6
26012000	26	24.5	23.9
27012000	27	25.1	24.2
28012000	28	24.5	24.2
29012000	29	24.1	23.4
30012000	30	25	23.4
31012000	31	25.8	24
1022000	32	25.8	24.5
2022000	33	24.6	23.6
3022000	34	24.9	24.1
4022000	35	24.7	24.4
5022000	36	24.2	23.6
6022000	37	23.8	22.9
7022000	38	24	23.2
8022000	39	24.5	23.1
9022000	40	25	22.7
10022000	41	25	23.5
11022000	42	24.4	23.5
12022000	43	24.4	23.8
13022000	44	24.7	23.6
14022000	45	24.7	23.8
15022000	46	24.8	23.9
16022000	47	25.1	24.2
17022000	48	24.8	23.8
18022000	49	23.8	22.6
19022000	50	22.1	21.6
20022000	51	23.6	22.5
21022000	52	24.5	23.1
22022000	53	24.4	23
23022000	54	24.5	23.3
24022000	55	24.5	23.8
25022000	56	25.1	24.1
26022000	57	25.3	24.5
27022000	58	25.1	24.3
28022000	59	24.2	23.3
29022000	60	23.4	22.5
1032000	61	22.9	22.3
2032000	62	23.5	22.3
3032000	63	23.9	22.6
4032000	64	24.2	23
5032000	65	24.4	23.3
6032000	66	24.5	23.3
7032000	67	24.9	24.1
8032000	68	24.9	24.2
9032000	69	24.4	23.5
10032000	70	23.5	21.6
11032000	71	22.8	22.2
12032000	72	21.9	21.5
13032000	73	22.4	21.7
14032000	74	23	22.3
15032000	75	22.6	22.1
16032000	76	22.9	21.8
17032000	77	23.8	22.4
18032000	78	24.6	23
19032000	79	24.4	23.7
20032000	80	24.5	23.7
21032000	81	24.4	23.2
22032000	82	24.3	23.4
23032000	83	24.6	23.2
24032000	84	24.6	23.4
25032000	85	24.6	23.6
26032000	86	24.7	23.8
27032000	87	24.8	23.9
28032000	88	25	23.9
29032000	89	24.4	23.4
30032000	90	24.2	23.1
31032000	91	24.4	23.3
1042000	92	24.2	23.3
2042000	93	24.3	23.5
3042000	94	24.4	23.3
4042000	95	23.7	22.9
5042000	96	23.3	22.3
6042000	97	23.7	22.5
7042000	98	23.1	22.2
8042000	99	23.5	22.9
9042000	100	23.9	23
10042000	101	24.1	23
11042000	102	24	22.9
12042000	103	24.5	24
13042000	104	25	23.6
14042000	105	25.4	24.5
15042000	106	25.7	24.7
16042000	107	25.3	24.2
17042000	108	25	24
18042000	109	25.3	24.2
19042000	110	25.5	24.4
20042000	111	25.5	23.7
21042000	112	25.3	23.9
22042000	113	25.3	23.8
23042000	114	24.6	23.5
24042000	115	24.5	23.3
25042000	116	24.3	23.2
26042000	117	23	21.9
27042000	118	23.2	21.5
28042000	119	23.6	22
29042000	120	23.8	22.1
30042000	121	24.1	22.6
1052000	122	24.2	23
2052000	123	24.6	23.3
3052000	124	24.7	23.6
4052000	125	24.1	23
5052000	126	23.8	22.7
6052000	127	24.3	23.4
7052000	128	25.5	24.3
8052000	129	26	24.2
9052000	130	25.9	24.6
10052000	131	25.9	24.5
11052000	132	25.3	24
12052000	133	23.7	22.9
13052000	134	22.2	21.2
14052000	135	21.7	20.4
15052000	136	22.2	20.9
16052000	137	22.3	21.8
17052000	138	23.4	22.5
18052000	139	24.3	23.4
19052000	140	24.6	23.3
20052000	141	24.7	23.5
21052000	142	24.1	23
22052000	143	23.7	22.8
23052000	144	22.9	22.3
24052000	145	22.2	21.4
25052000	146	21.2	19.9
26052000	147	22.4	20.9
27052000	148	23.4	21.9
28052000	149	23.8	22.4
29052000	150	23.8	22.5
30052000	151	23.9	22.6
31052000	152	24.4	23.1
1062000	153	25.2	23.9
2062000	154	25.5	24
3062000	155	24.6	23.1
4062000	156	23.5	22.3
5062000	157	22	21.3
6062000	158	22	20.7
7062000	159	21.4	20
8062000	160	21.6	20
9062000	161	22.4	20.9
10062000	162	23.4	21.6
11062000	163	22.3	20.8
12062000	164	22.7	21.2
13062000	165	23.5	22.3
14062000	166	23.7	22.6
15062000	167	22.8	21.9
16062000	168	21.9	20.6
17062000	169	21.7	20.2
18062000	170	22.3	20.4
19062000	171	22.8	21.2
20062000	172	23.1	21.7
21062000	173	23.9	22.8
22062000	174	24.3	22
23062000	175	23.6	21.5
24062000	176	22.2	21
25062000	177	21.4	20.2
26062000	178	21	20.6
27062000	179	21.3	20.6
28062000	180	21.7	20.4
29062000	181	21.7	20.6
30062000	182	22	21.3
1072000	183	22.8	21.9
2072000	184	22.3	21.5
3072000	185	21.5	20.3
4072000	186	21.5	19.9
5072000	187	21.1	19.8
6072000	188	21.5	19.9
7072000	189	22.5	20.4
8072000	190	22	20.7
9072000	191	22.7	21.2
10072000	192	22.5	21
11072000	193	23	21.7
12072000	194	23.6	22.3
13072000	195	23.7	22.3
14072000	196	22.1	21.1
15072000	197	22.1	21.2
16072000	198	23	21.9
17072000	199	21.9	19.8
18072000	200	21.5	19.6
19072000	201	23.1	21.5
20072000	202	23.7	22.2
21072000	203	24.5	23.1
22072000	204	24.5	23.4
23072000	205	23.9	23.4
24072000	206	24.3	22.8
25072000	207	24.6	23.1
26072000	208	24	23.5
27072000	209	23.9	23.2
28072000	210	22.8	22.2
29072000	211	21.6	20.7
30072000	212	21.8	20.7
31072000	213	21.8	20.3
1082000	214	21.8	20.2
2082000	215	22.3	20.7
3082000	216	23	21.7
4082000	217	23.3	22.6
5082000	218	23	22.2
6082000	219	21.5	21.5
7082000	220	22.4	21.4
8082000	221	23.4	22
9082000	222	24.3	22.9
10082000	223	25.5	24.2
11082000	224	26.1	25.1
12082000	225	25.8	24.5
13082000	226	24	23.5
14082000	227	23	22.9
15082000	228	22.2	21.9
16082000	229	22	21.6
17082000	230	22.2	21.6
18082000	231	22.1	21.4
19082000	232	23.1	22.7
20082000	233	24.2	23.4
21082000	234	24.3	23.3
22082000	235	23.9	22.9
23082000	236	24	23.1
24082000	237	25.1	24
25082000	238	25.8	25.2
26082000	239	26.4	26.1
27082000	240	27.2	26.9
28082000	241	27.9	27.2
29082000	242	28.2	25.9
30082000	243	26.3	24
31082000	244	26.3	25.4
1092000	245	25.8	24.9
2092000	246	26.7	25.8
3092000	247	26.8	24.6
4092000	248	24.5	23
5092000	249	23.2	22.7
6092000	250	24.3	22.8
7092000	251	22.7	21
8092000	252	22.5	21
9092000	253	23.9	22.6
10092000	254	24.5	23.2
11092000	255	24.6	23.3
12092000	256	24.7	23.3
13092000	257	25.5	23.8
14092000	258	26	24.2
15092000	259	26.8	24.9
16092000	260	26.5	25
17092000	261	27.2	25.5
18092000	262	26.7	25.2
19092000	263	25.8	24.8
20092000	264	25.4	24.2
21092000	265	25.4	23.9
22092000	266	25.1	23.6
23092000	267	25.5	24.4
24092000	268	26	24.5
25092000	269	28.3	26.9
26092000	270	27.5	26.3
27092000	271	24.7	24.1
28092000	272	23.4	22.7
29092000	273	24.3	23.6
30092000	274	25.2	24.3
1102000	275	26	24.6
2102000	276	26.5	24.8
3102000	277	27.8	26.4
4102000	278	29.6	27.5
5102000	279	29.6	27.1
6102000	280	28.4	25.1
7102000	281	25.2	23.4
8102000	282	26.9	25.2
9102000	283	27.2	25.7
10102000	284	26.8	25.2
11102000	285	26.8	25.3
12102000	286	27.4	25.7
13102000	287	27.9	26.4
14102000	288	28	26.5
15102000	289	28.2	26.6
16102000	290	27.6	26.8
17102000	291	27.5	26.3
18102000	292	27.9	26.7
19102000	293	28.2	27
20102000	294	28.5	27.3
21102000	295	29	28
22102000	296	29.4	28.7
23102000	297	29	28.1
24102000	298	28.8	27.9
25102000	299	28.1	27.5
26102000	300	28	27.1
27102000	301	27.8	27.2
28102000	302	28.8	28
29102000	303	29.5	27.5
30102000	304	25.4	23.2
31102000	305	23.7	22.5
1112000	306	23	22.5
2112000	307	24.3	23.3
3112000	308	24.2	23.6
4112000	309	25.1	23.2
5112000	310	22	21.7
6112000	311	21.8	21
7112000	312	22.8	22.4
8112000	313	21.8	21.6
9112000	314	23.1	21.9
10112000	315	23.8	22.9
11112000	316	23.5	22.8
12112000	317	24	23.7
13112000	318	24.1	23.8
14112000	319	24.4	23.5
15112000	320	23.9	23.2
16112000	321	22.8	21.9
17112000	322	24.4	22.6
18112000	323	24.8	23.2
19112000	324	24.9	23.7
20112000	325	25	22.8
21112000	326	25.4	24.1
22112000	327	25	24.6
23112000	328	25.3	24.6
24112000	329	25	24.5
25112000	330	25.2	24.1
26112000	331	25.6	24.5
27112000	332	24.5	22.4
28112000	333	24.4	22.5
29112000	334	25	23.3
30112000	335	25.5	23.6
1122000	336	25	23.8
2122000	337	24.4	23.5
3122000	338	23.4	23.2
4122000	339	24.3	23.8
5122000	340	23.5	23.4
6122000	341	24	23.4
7122000	342	23.6	23.2
8122000	343	23.2	22.6
9122000	344	24.2	23.2
10122000	345	24.9	23.7
11122000	346	22.5	22.2
12122000	347	22.6	22.4
13122000	348	22.8	22.3
14122000	349	22.7	22.3
15122000	350	22.9	22
16122000	351	22.9	22.3
17122000	352	21.8	21.6
18122000	353	21.7	21.7
19122000	354	22.9	22.1
20122000	355	22.9	22.4
21122000	356	23.3	22.7
22122000	357	22.9	22.9
23122000	358	24.5	23.8
24122000	359	25.5	24.8
25122000	360	25	24.4
26122000	361	24.7	24.1
27122000	362	25.1	24.3
28122000	363	25	25
29122000	364	25.5	25.1
30122000	365	25.1	24.4
31122000	366	23.7	23.5