Daily average humidity [%]
Date	No. of days	Subbasin-ID.
0	0	69	15
1022000	32	84	90
2022000	33	84	93
3022000	34	93	94
4022000	35	92	91
5022000	36	93	92
6022000	37	94	95
7022000	38	93	95
8022000	39	90	93
9022000	40	89	92
10022000	41	87	91
11022000	42	92	95
12022000	43	88	92
13022000	44	84	89
14022000	45	87	91
15022000	46	86	89
16022000	47	86	90
17022000	48	84	88
18022000	49	94	93
19022000	50	96	94
20022000	51	92	93
21022000	52	92	93
22022000	53	90	92
23022000	54	88	91
24022000	55	88	91
25022000	56	89	92
26022000	57	93	95
27022000	58	92	94
28022000	59	94	94
29022000	60	93	95
1032000	61	92	92
2032000	62	93	94
3032000	63	92	92
4032000	64	90	90
5032000	65	90	91
6032000	66	87	86
7032000	67	88	88
8032000	68	90	90
9032000	69	94	93
10032000	70	93	93
11032000	71	95	96
12032000	72	95	95
13032000	73	92	93
14032000	74	96	97
15032000	75	96	96
16032000	76	95	96
17032000	77	91	94
18032000	78	91	95
19032000	79	86	93
20032000	80	92	94
21032000	81	89	91
22032000	82	88	92
23032000	83	91	92
24032000	84	90	91
25032000	85	88	89
26032000	86	84	86
27032000	87	92	92
28032000	88	88	90
29032000	89	86	91
30032000	90	88	90
31032000	91	84	88
1042000	92	86	91
2042000	93	87	92
3042000	94	91	91
4042000	95	87	88
5042000	96	87	87
6042000	97	88	88
7042000	98	87	88
8042000	99	91	91
9042000	100	90	90
10042000	101	89	91
11042000	102	91	94
12042000	103	90	92
13042000	104	88	93
14042000	105	91	93
15042000	106	89	93
16042000	107	88	92
17042000	108	83	89
18042000	109	84	90
19042000	110	85	93
20042000	111	80	86
21042000	112	82	89
22042000	113	94	93
23042000	114	90	89
24042000	115	85	89
25042000	116	82	87
26042000	117	80	85
27042000	118	75	79
28042000	119	76	79
29042000	120	79	81
30042000	121	79	82
1052000	122	77	81
2052000	123	77	79
3052000	124	78	82
4052000	125	76	78
5052000	126	76	78
6052000	127	72	74
7052000	128	62	67
8052000	129	62	66
9052000	130	66	67
10052000	131	59	65
11052000	132	71	73
12052000	133	68	71
13052000	134	71	73
14052000	135	74	73
15052000	136	72	70
16052000	137	62	60
17052000	138	49	54
18052000	139	52	60
19052000	140	56	68
20052000	141	61	64
21052000	142	67	65
22052000	143	71	70
23052000	144	69	69
24052000	145	66	64
25052000	146	68	66
26052000	147	70	63
27052000	148	62	52
28052000	149	51	49
29052000	150	51	56
30052000	151	54	46
31052000	152	52	46
1062000	153	49	54
2062000	154	48	53
3062000	155	63	59
4062000	156	66	64
5062000	157	67	65
6062000	158	70	67
7062000	159	74	70
8062000	160	74	70
9062000	161	70	66
10062000	162	68	61
11062000	163	65	57
12062000	164	72	60
13062000	165	66	57
14062000	166	63	56
15062000	167	64	61
16062000	168	63	59
17062000	169	65	60
18062000	170	66	62
19062000	171	65	60
20062000	172	64	57
21062000	173	58	54
22062000	174	61	64
23062000	175	69	63
24062000	176	66	63
25062000	177	62	56
26062000	178	62	52
27062000	179	59	47
28062000	180	63	54
29062000	181	68	63
30062000	182	68	61
1072000	183	56	51
2072000	184	60	55
3072000	185	62	52
4072000	186	62	55
5072000	187	64	58
6072000	188	67	62
7072000	189	67	61
8072000	190	69	62
9072000	191	68	60
10072000	192	66	58
11072000	193	65	58
12072000	194	62	51
13072000	195	57	56
14072000	196	61	56
15072000	197	62	56
16072000	198	60	50
17072000	199	46	50
18072000	200	48	38
19072000	201	52	38
20072000	202	47	37
21072000	203	49	42
22072000	204	55	45
23072000	205	50	41
24072000	206	51	51
25072000	207	56	51
26072000	208	64	55
27072000	209	66	61
28072000	210	60	52
29072000	211	61	54
30072000	212	51	45
31072000	213	48	38
1082000	214	57	45
2082000	215	59	53
3082000	216	60	54
4082000	217	53	44
5082000	218	54	47
6082000	219	58	50
7082000	220	51	42
8082000	221	51	40
9082000	222	57	44
10082000	223	48	37
11082000	224	45	34
12082000	225	47	38
13082000	226	61	49
14082000	227	54	48
15082000	228	49	41
16082000	229	46	35
17082000	230	51	40
18082000	231	56	46
19082000	232	51	40
20082000	233	54	42
21082000	234	56	44
22082000	235	54	45
23082000	236	53	44
24082000	237	49	40
25082000	238	46	39
26082000	239	46	34
27082000	240	43	32
28082000	241	41	32
29082000	242	38	40
30082000	243	51	46
31082000	244	54	49
1092000	245	54	46
2092000	246	50	41
3092000	247	46	45
4092000	248	67	72
5092000	249	71	71
6092000	250	57	54
7092000	251	58	56
8092000	252	73	77
9092000	253	64	69
10092000	254	55	55
11092000	255	50	46
12092000	256	49	42
13092000	257	50	41
14092000	258	53	44
15092000	259	49	43
16092000	260	45	38
17092000	261	46	38
18092000	262	52	44
19092000	263	53	47
20092000	264	51	44
21092000	265	52	45
22092000	266	45	38
23092000	267	46	37
24092000	268	43	35
25092000	269	34	27
26092000	270	41	39
27092000	271	59	52
28092000	272	59	56
29092000	273	62	56
30092000	274	54	47
1102000	275	54	44
2102000	276	53	45
3102000	277	48	39
4102000	278	40	34
5102000	279	37	36
6102000	280	40	46
7102000	281	56	60
8102000	282	58	56
9102000	283	56	51
10102000	284	55	48
11102000	285	49	41
12102000	286	45	38
13102000	287	44	36
14102000	288	43	36
15102000	289	49	40
16102000	290	53	46
17102000	291	56	50
18102000	292	53	50
19102000	293	51	46
20102000	294	48	42
21102000	295	45	39
22102000	296	48	44
23102000	297	45	44
24102000	298	47	53
25102000	299	48	49
26102000	300	48	50
27102000	301	50	46
28102000	302	44	41
29102000	303	48	61
30102000	304	77	89
31102000	305	77	88
1112000	306	71	78
2112000	307	79	88
3112000	308	69	81
4112000	309	75	86
5112000	310	92	92
6112000	311	94	95
7112000	312	93	93
8112000	313	96	96
9112000	314	95	94
10112000	315	95	94
11112000	316	94	93
12112000	317	91	92
13112000	318	92	90
14112000	319	94	94
15112000	320	95	96
16112000	321	95	97
17112000	322	90	95
18112000	323	84	88
19112000	324	80	86
20112000	325	80	88
21112000	326	78	84
22112000	327	73	81
23112000	328	73	82
24112000	329	69	75
25112000	330	74	77
26112000	331	74	82
27112000	332	76	89
28112000	333	75	87
29112000	334	72	82
30112000	335	70	82
1122000	336	72	84
2122000	337	74	86
3122000	338	75	85
4122000	339	79	84
5122000	340	87	95
6122000	341	85	94
7122000	342	86	93
8122000	343	91	95
9122000	344	87	94
10122000	345	83	91
11122000	346	93	94
12122000	347	95	94
13122000	348	96	94
14122000	349	96	97
15122000	350	96	96
16122000	351	96	95
17122000	352	96	96
18122000	353	91	92
19122000	354	88	88
20122000	355	90	90
21122000	356	91	91
22122000	357	92	92
23122000	358	89	90
24122000	359	86	91
25122000	360	91	94
26122000	361	88	92
27122000	362	88	90
28122000	363	88	90
29122000	364	86	89
30122000	365	90	92
31122000	366	90	95
1012001	1	94	94
2012001	2	90	91
3012001	3	93	94
4012001	4	95	94
5012001	5	92	92
6012001	6	91	92
7012001	7	93	94
8012001	8	92	91
9012001	9	90	92
10012001	10	94	97
11012001	11	93	93
12012001	12	89	90
13012001	13	84	88
14012001	14	85	93
15012001	15	82	88
16012001	16	79	86
17012001	17	84	91
18012001	18	83	90
19012001	19	87	92
20012001	20	92	93
21012001	21	97	98
22012001	22	96	96
23012001	23	94	95
24012001	24	96	96
25012001	25	96	95
26012001	26	94	95
27012001	27	92	94
28012001	28	94	95
29012001	29	91	91
30012001	30	86	87
31012001	31	90	93